time averaged (tav =    1. s) volume concentration:  concentration contour parameters

c(x,y,z,t) = cc(x) * (erf(xa)-erf(xb)) * (erf(ya)-erf(yb)) * (exp(-za*za)+exp(-zb*zb))

   c(x,y,z,t) = concentration (volume fraction) at (x,y,z,t)
            x = downwind distance (m)
            y = crosswind horizontal distance (m)
            z = height (m)
            t = time (s)

          erf = error functon
           xa = (x-xc+bx)/(sr2*betax)
           xb = (x-xc-bx)/(sr2*betax)
           ya = (y+b)/(sr2*betac)
           yb = (y-b)/(sr2*betac)
          exp = exponential function
           za = (z-zc)/(sr2*sig)
           zb = (z+zc)/(sr2*sig)
          sr2 = sqrt(2.0)

     x        cc(x)     b(x)    betac(x)    zc(x)    sig(x)                t        xc(t)     bx(t)   betax(t)
  1.00E+00  0.00E+00  6.36E-02  1.78E-02  1.00E+00  4.08E-02            0.00E+00  1.00E+00  0.00E+00  0.00E+00
  1.01E+00  1.65E-01  7.90E-01  5.29E-01  2.24E+00  6.99E-01            6.22E-02  1.01E+00  1.10E-02  8.96E-05
  1.03E+00  1.65E-01  7.90E-01  5.31E-01  2.23E+00  6.99E-01            1.84E-01  1.03E+00  3.24E-02  2.65E-04
  1.06E+00  1.65E-01  7.91E-01  5.32E-01  2.19E+00  6.99E-01            3.32E-01  1.06E+00  5.85E-02  4.78E-04
  1.09E+00  1.65E-01  7.91E-01  5.33E-01  2.10E+00  7.01E-01            5.12E-01  1.09E+00  9.02E-02  7.37E-04
  1.13E+00  1.65E-01  7.92E-01  5.35E-01  1.92E+00  7.03E-01            7.31E-01  1.13E+00  1.29E-01  1.05E-03
  1.18E+00  1.65E-01  7.92E-01  5.39E-01  1.62E+00  7.08E-01            9.99E-01  1.18E+00  1.76E-01  1.43E-03
  1.24E+00  1.62E-01  8.59E-01  5.90E-01  1.12E+00  6.74E-01            1.33E+00  1.24E+00  2.33E-01  1.90E-03
  1.31E+00  1.64E-01  1.38E+00  9.52E-01  6.97E-01  4.02E-01            1.72E+00  1.31E+00  3.02E-01  2.46E-03
  1.39E+00  1.58E-01  2.08E+00  1.43E+00  4.64E-01  2.68E-01            2.18E+00  1.39E+00  3.86E-01  3.15E-03
  1.49E+00  1.44E-01  2.87E+00  1.98E+00  3.36E-01  1.94E-01            2.70E+00  1.49E+00  4.88E-01  3.98E-03
  1.62E+00  1.19E-01  3.37E+00  2.33E+00  2.68E-01  1.55E-01            3.21E+00  1.62E+00  6.12E-01  5.00E-03
  1.77E+00  8.08E-02  3.93E+00  2.73E+00  2.30E-01  1.85E-01            3.70E+00  1.77E+00  7.63E-01  6.23E-03
  1.96E+00  5.76E-02  4.51E+00  3.13E+00  2.01E-01  2.33E-01            4.28E+00  1.96E+00  9.46E-01  7.73E-03
  2.18E+00  4.34E-02  5.11E+00  3.55E+00  1.78E-01  2.92E-01            4.98E+00  2.18E+00  1.17E+00  9.55E-03
  2.46E+00  3.47E-02  5.75E+00  4.00E+00  1.59E-01  3.42E-01            5.84E+00  2.46E+00  1.44E+00  1.18E-02
  2.79E+00  2.85E-02  6.43E+00  4.49E+00  1.42E-01  3.87E-01            6.89E+00  2.79E+00  1.77E+00  1.44E-02
  3.20E+00  2.38E-02  7.16E+00  5.01E+00  1.28E-01  4.30E-01            8.16E+00  3.20E+00  2.17E+00  1.77E-02
  3.69E+00  1.99E-02  7.97E+00  5.59E+00  1.15E-01  4.79E-01            9.72E+00  3.69E+00  2.65E+00  2.17E-02
  4.29E+00  1.69E-02  8.87E+00  6.25E+00  1.04E-01  5.33E-01            1.17E+01  4.29E+00  3.24E+00  2.65E-02
  5.02E+00  1.44E-02  9.90E+00  7.00E+00  9.31E-02  5.87E-01            1.41E+01  5.02E+00  3.96E+00  3.23E-02
  5.90E+00  1.23E-02  1.11E+01  7.87E+00  8.33E-02  6.42E-01            1.71E+01  5.90E+00  4.83E+00  3.95E-02
  6.97E+00  1.06E-02  1.25E+01  8.89E+00  7.42E-02  7.00E-01            2.10E+01  6.97E+00  5.89E+00  4.81E-02
  8.28E+00  9.04E-03  1.41E+01  1.01E+01  6.58E-02  7.63E-01            2.58E+01  8.28E+00  7.18E+00  5.86E-02
  9.87E+00  7.73E-03  1.60E+01  1.15E+01  5.81E-02  8.28E-01            3.20E+01  9.87E+00  8.75E+00  7.14E-02
  1.18E+01  6.60E-03  1.82E+01  1.32E+01  5.10E-02  8.93E-01            3.99E+01  1.18E+01  1.06E+01  8.70E-02
  1.41E+01  5.60E-03  2.08E+01  1.51E+01  4.47E-02  9.34E-01            4.97E+01  1.41E+01  1.30E+01  1.06E-01
  1.70E+01  4.67E-03  2.36E+01  1.73E+01  3.93E-02  9.89E-01            6.16E+01  1.70E+01  1.58E+01  1.29E-01
  2.04E+01  3.87E-03  2.68E+01  1.97E+01  3.47E-02  1.05E+00            7.60E+01  2.04E+01  1.92E+01  1.57E-01
  2.46E+01  3.17E-03  3.01E+01  2.23E+01  3.09E-02  1.13E+00            9.34E+01  2.46E+01  2.33E+01  1.90E-01
  2.98E+01  2.58E-03  3.36E+01  2.51E+01  2.76E-02  1.22E+00            1.14E+02  2.98E+01  2.84E+01  2.32E-01
  3.60E+01  2.08E-03  3.73E+01  2.81E+01  2.49E-02  1.33E+00            1.39E+02  3.60E+01  3.45E+01  2.82E-01
  4.35E+01  1.67E-03  4.11E+01  3.13E+01  2.26E-02  1.46E+00            1.68E+02  4.35E+01  4.19E+01  3.43E-01
  5.27E+01  1.33E-03  4.50E+01  3.46E+01  2.06E-02  1.63E+00            2.02E+02  5.27E+01  5.10E+01  4.16E-01
  6.38E+01  1.05E-03  4.91E+01  3.80E+01  1.89E-02  1.83E+00            2.42E+02  6.38E+01  6.20E+01  5.06E-01
  7.74E+01  8.23E-04  5.32E+01  4.17E+01  1.74E-02  2.07E+00            2.90E+02  7.74E+01  7.53E+01  6.15E-01
  9.38E+01  6.41E-04  5.74E+01  4.55E+01  1.62E-02  2.36E+00            3.45E+02  9.38E+01  9.16E+01  7.48E-01
  1.14E+02  4.88E-04  6.17E+01  4.95E+01  1.40E-02  2.67E+00            3.33E+02  1.14E+02  9.90E+01  2.21E+01
  1.40E+02  3.61E-04  6.58E+01  5.35E+01  1.23E-02  3.17E+00            3.73E+02  1.40E+02  1.06E+02  3.52E+01
  1.74E+02  2.63E-04  6.97E+01  5.77E+01  1.10E-02  3.90E+00            4.21E+02  1.74E+02  1.12E+02  4.84E+01
  2.17E+02  1.90E-04  7.35E+01  6.21E+01  9.96E-03  4.87E+00            4.80E+02  2.17E+02  1.17E+02  6.23E+01
  2.73E+02  1.38E-04  7.73E+01  6.68E+01  9.12E-03  6.14E+00            5.51E+02  2.73E+02  1.21E+02  7.77E+01
  3.45E+02  1.01E-04  8.11E+01  7.20E+01  8.41E-03  7.77E+00            6.38E+02  3.45E+02  1.25E+02  9.49E+01
  4.38E+02  7.39E-05  8.50E+01  7.78E+01  7.80E-03  9.83E+00            7.43E+02  4.38E+02  1.29E+02  1.14E+02
  5.58E+02  5.46E-05  8.90E+01  8.44E+01  7.27E-03  1.24E+01            8.72E+02  5.58E+02  1.32E+02  1.37E+02
  7.10E+02  4.06E-05  9.31E+01  9.20E+01  6.80E-03  1.56E+01            1.03E+03  7.10E+02  1.35E+02  1.62E+02
  9.04E+02  3.04E-05  9.74E+01  1.01E+02  6.38E-03  1.95E+01            1.22E+03  9.04E+02  1.37E+02  1.92E+02
  1.15E+03  2.29E-05  1.02E+02  1.11E+02  6.00E-03  2.44E+01            1.45E+03  1.15E+03  1.40E+02  2.28E+02
  1.46E+03  1.74E-05  1.06E+02  1.22E+02  5.66E-03  3.03E+01            1.73E+03  1.46E+03  1.42E+02  2.69E+02
  1.86E+03  1.34E-05  1.11E+02  1.35E+02  5.36E-03  3.74E+01            2.07E+03  1.86E+03  1.43E+02  3.18E+02
  2.36E+03  1.03E-05  1.16E+02  1.50E+02  5.09E-03  4.60E+01            2.48E+03  2.36E+03  1.45E+02  3.75E+02
  2.99E+03  8.03E-06  1.20E+02  1.67E+02  4.86E-03  5.63E+01            2.98E+03  2.99E+03  1.46E+02  4.44E+02
  3.77E+03  6.31E-06  1.25E+02  1.87E+02  4.64E-03  6.86E+01            3.59E+03  3.77E+03  1.47E+02  5.26E+02
  4.76E+03  4.99E-06  1.30E+02  2.08E+02  4.46E-03  8.31E+01            4.33E+03  4.76E+03  1.48E+02  6.24E+02
  6.00E+03  3.98E-06  1.34E+02  2.33E+02  4.29E-03  1.00E+02            5.23E+03  6.00E+03  1.49E+02  7.40E+02
  7.54E+03  3.21E-06  1.38E+02  2.61E+02  4.15E-03  1.20E+02            6.33E+03  7.54E+03  1.49E+02  8.79E+02
  9.45E+03  2.61E-06  1.42E+02  2.92E+02  4.02E-03  1.44E+02            7.66E+03  9.45E+03  1.50E+02  1.05E+03
  1.18E+04  2.14E-06  1.46E+02  3.27E+02  3.91E-03  1.70E+02            9.27E+03  1.18E+04  1.50E+02  1.24E+03
  1.48E+04  1.77E-06  1.49E+02  3.66E+02  3.82E-03  2.01E+02            1.12E+04  1.48E+04  1.50E+02  1.48E+03
  1.85E+04  1.48E-06  1.52E+02  4.09E+02  3.73E-03  2.35E+02            1.36E+04  1.85E+04  1.51E+02  1.76E+03
  2.30E+04  1.25E-06  1.55E+02  4.58E+02  0.00E+00  2.72E+02            1.65E+04  2.30E+04  1.51E+02  2.10E+03
1